peaks = [
  65 95;
  58 80;
  65 78;
  55 75;
  60 80;
  60 75;
  60 85;
  60 90;
  65 75;
  nan nan;
  55 80;
  75 90;
  65 90;
  70 100;
  70 95;
  60 85;
  70 95;
  70 100;
  60 85;
  60 80;
  60 80;
  58 75;
  60 80;
  55 80;
  60 90;
  60 90;
  55 80;
  60 80;
  55 75;
  60 75;
  55 70;
  60 90;
  60 90]./1000;

%peaks(11,:) = [45 53]./1000;