peaks = [%peak visual parcels %peak ITC %start peak butterfly %end peak butterfly
  67 60 65 95
  63 53 45 52
  117 62 60 85
  65 72 56 83
  70 70 45 62
  137 72 58 75
  119 39 60 77
  93 58 48 55
  74 64 46 53
  nan nan nan nan
  62 50 56 68
  87 60 60 70
  77 60 65 85
  90 55 46 52
  87 59 70 85
  92 60 55 85
  85 75 58 95
  80 75 73 92
  69 74 50 55
  74 59 58 87
  69 87 60 75
  85 78 55 75
  65 60 60 80
  65 55 45 53
  82 59 60 90
  75 59 45 53
  69 57 45 53
  95 69 62 76
  119 62 45 52
  70 70 58 75
  64 64 55 70
  64 62 58 92
  80 67 53 90]./1000;
