peaks = [65 95;
  58 80;
  60 78;
  62 85;
  55 80;
  90 125;
  60 90;
  60 90;
  63 80;
  nan nan;
  55 85;
  45 75;
  65 90;
  60 100;
  75 105]./1000;

polarity = [-1 -1 1 -1 1 -1 -1 -1 1 nan 1 1 -1 -1 1];
comp_id  = [ 3  1 1  1 1  1  1  1 1 nan 1 2  1  2 1];
  