peaks = [65 95;
  58 80;
  60 78;
  62 85;
  55 80;
  90 125;
  60 90;
  60 90;
  63 80;
  nan nan;
  55 85;
  45 75;
  65 90;
  60 100;
  75 105;
  50 90;
  63 97
  85 110
  58 90
  58 86
  58 78
  nan nan
  60 80
  nan nan
  58 78
  65 85]./1000;
  
polarity = [-1 -1 1 -1 1 -1 -1 -1 1 nan 1 1 -1 -1 1 -1 1 -1 -1 -1 1 nan -1 nan -1 1];
comp_id  = [ 3  1 1  1 1  1  1  1 1 nan 1 2  1  2 1  3 1  3 4   3 5 nan 3  nan  6 1];
  